Матрица: 
[[451.  11. -91.  72.  77.  91. -63.  27.   0.  -2.]
 [ 11. 428. -84.  98. 100.  -7. -31.  49. -14.  32.]
 [-91. -84. 517. -42. -24.  41. -60.  43. -61. -54.]
 [ 72.  98. -42. 555. -25.  81. -82.  13.  65.  64.]
 [ 77. 100. -24. -25. 503.  35.  62.  78. -46. -42.]
 [ 91.  -7.  41.  81.  35. 437.  91.  30. -25. -33.]
 [-63. -31. -60. -82.  62.  91. 548. -87. -24.  42.]
 [ 27.  49.  43.  13.  78.  30. -87. 395. -52.  -5.]
 [  0. -14. -61.  65. -46. -25. -24. -52. 317. -15.]
 [ -2.  32. -54.  64. -42. -33.  42.  -5. -15. 306.]]
Точное решение: [ 1  2  3  4  5  6  7  8  9 10]
Приближенное решение: [ 0.9999999988206054  1.9999999993671198  2.999999999907173
  3.9999999989382418  5.000000000640418   6.000000001194283
  6.999999998947731   7.999999999295697   9.000000000415966
 10.00000000155913  ]
Итерация: 49
r: 7.945229675633169e-07
Норма погрешности решения: 2.9951845963129167e-09

w: 0.2
Итерация: 262
r: 9.235421370380613e-07
Норма погрешности решения: 4.318172966095618e-09

w: 0.5
Итерация: 86
r: 9.072525392559446e-07
Норма погрешности решения: 4.140826293395306e-09

w: 0.8
Итерация: 41
r: 6.404210474328578e-07
Норма погрешности решения: 2.6744591185946368e-09

w: 1
Итерация: 23
r: 7.705239383909907e-07
Норма погрешности решения: 2.645821766623307e-09

w: 1.3
Итерация: 27
r: 7.489758870192848e-07
Норма погрешности решения: 1.416106955377151e-09

w: 1.5
Итерация: 44
r: 6.693468413254338e-07
Норма погрешности решения: 1.3450150949591502e-09

w: 1.8
Итерация: 133
r: 9.668518377778616e-07
Норма погрешности решения: 2.2885621432319926e-09

